



<!DOCTYPE html>
<html lang="en">
  
  <head>
    
      <meta charset="utf-8">
      <title>Bokeh Plot</title>
      
      
        
          
        
        
          
        <script type="text/javascript" src="https://cdn.pydata.org/bokeh/release/bokeh-1.3.4.min.js"></script>
        <script type="text/javascript">
            Bokeh.set_log_level("info");
        </script>
        
      
      
    
  </head>
  
  
  <body>
    
      
        
          
          
            
              <div class="bk-root" id="fa8371cc-e82b-4b7d-aab2-bf8990febff9" data-root-id="2492"></div>
            
          
        
      
      
        <script type="application/json" id="2766">
          {"bc07b40e-dff1-4366-80fb-be0df895cd57":{"roots":{"references":[{"attributes":{"data_source":{"id":"2525","type":"ColumnDataSource"},"glyph":{"id":"2527","type":"Circle"},"hover_glyph":null,"muted_glyph":null,"nonselection_glyph":{"id":"2528","type":"Circle"},"selection_glyph":null,"view":{"id":"2530","type":"CDSView"}},"id":"2529","type":"GlyphRenderer"},{"attributes":{"fill_color":{"value":"yellow"},"line_color":{"value":"#1f77b4"},"size":{"units":"screen","value":12},"x":{"field":"x"},"y":{"field":"y"}},"id":"2527","type":"Circle"},{"attributes":{"source":{"id":"2549","type":"ColumnDataSource"}},"id":"2554","type":"CDSView"},{"attributes":{},"id":"2509","type":"BasicTicker"},{"attributes":{},"id":"2575","type":"Selection"},{"attributes":{"fill_alpha":{"value":0.1},"fill_color":{"value":"#1f77b4"},"line_alpha":{"value":0.1},"line_color":{"value":"#1f77b4"},"size":{"units":"screen","value":12},"x":{"field":"x"},"y":{"field":"y"}},"id":"2528","type":"Circle"},{"attributes":{"data_source":{"id":"2549","type":"ColumnDataSource"},"glyph":{"id":"2551","type":"Square"},"hover_glyph":null,"muted_glyph":null,"nonselection_glyph":{"id":"2552","type":"Square"},"selection_glyph":null,"view":{"id":"2554","type":"CDSView"}},"id":"2553","type":"GlyphRenderer"},{"attributes":{"source":{"id":"2543","type":"ColumnDataSource"}},"id":"2548","type":"CDSView"},{"attributes":{},"id":"2573","type":"Selection"},{"attributes":{"callback":null,"data":{"cluster_id":{"__ndarray__":"AAAAAAAA8D8AAAAAAADwPwAAAAAAAPA/AAAAAAAA8D8AAAAAAADwPwAAAAAAAPA/AAAAAAAA8D8AAAAAAADwPwAAAAAAAPA/AAAAAAAA8D8AAAAAAADwPwAAAAAAAPA/AAAAAAAA8D8AAAAAAADwPwAAAAAAAPA/AAAAAAAA8D8AAAAAAADwPwAAAAAAAPA/AAAAAAAA8D8AAAAAAADwPwAAAAAAAPA/AAAAAAAA8D8AAAAAAADwPwAAAAAAAPA/AAAAAAAA8D8AAAAAAADwPwAAAAAAAPA/AAAAAAAA8D8AAAAAAADwPwAAAAAAAPA/AAAAAAAA8D8AAAAAAADwPwAAAAAAAPA/AAAAAAAA8D8AAAAAAADwPwAAAAAAAPA/AAAAAAAA8D8AAAAAAADwPwAAAAAAAPA/AAAAAAAA8D8AAAAAAADwPwAAAAAAAPA/AAAAAAAA8D8=","dtype":"float64","shape":[43]},"grados_p":["[0.1668, 0.372, 0.1026, 0.3586]","[0.0727, 0.6876, 0.0448, 0.1949]","[0.0448, 0.7668, 0.0254, 0.163]","[0.0738, 0.7963, 0.0221, 0.1078]","[0.0672, 0.8094, 0.0188, 0.1047]","[0.0533, 0.8465, 0.0143, 0.0858]","[0.1372, 0.6333, 0.0451, 0.1844]","[0.1559, 0.5152, 0.0372, 0.2918]","[0.1714, 0.5352, 0.0622, 0.2311]","[0.1017, 0.7124, 0.0259, 0.16]","[0.0635, 0.8178, 0.017, 0.1017]","[0.1159, 0.6598, 0.0302, 0.1941]","[0.2044, 0.4405, 0.0739, 0.2812]","[0.222, 0.3704, 0.0402, 0.3674]","[0.1117, 0.6952, 0.0335, 0.1596]","[0.1603, 0.4719, 0.0372, 0.3307]","[0.1692, 0.453, 0.036, 0.3419]","[0.0695, 0.8009, 0.0188, 0.1108]","[0.1338, 0.601, 0.0334, 0.2318]","[0.1308, 0.6227, 0.0365, 0.21]","[0.1768, 0.4015, 0.0398, 0.3818]","[0.0759, 0.7793, 0.0208, 0.124]","[0.1064, 0.7123, 0.0336, 0.1477]","[0.1341, 0.6435, 0.0439, 0.1785]","[0.1342, 0.5963, 0.0331, 0.2364]","[0.1108, 0.6994, 0.0359, 0.1539]","[0.1781, 0.5334, 0.0666, 0.222]","[0.172, 0.4143, 0.0395, 0.3741]","[0.1629, 0.5163, 0.0376, 0.2832]","[0.1051, 0.7098, 0.0288, 0.1563]","[0.0544, 0.8481, 0.0157, 0.0819]","[0.1249, 0.6474, 0.0351, 0.1927]","[0.1406, 0.5808, 0.0359, 0.2427]","[0.1114, 0.6707, 0.0302, 0.1877]","[0.1818, 0.4259, 0.0392, 0.3532]","[0.1365, 0.6267, 0.0457, 0.191]","[0.0874, 0.75, 0.0242, 0.1384]","[0.1517, 0.5487, 0.0364, 0.2631]","[0.1592, 0.5774, 0.0575, 0.2059]","[0.169, 0.4413, 0.062, 0.3277]","[0.106, 0.664, 0.0435, 0.1865]","[0.1209, 0.6574, 0.0586, 0.163]","[0.0786, 0.7579, 0.0331, 0.1305]"],"pais":["Afghanistan","Angola","Benin","Burkina Faso","Burundi","Cameroon","Chad","Comoros","Congo, Dem. Rep.","Congo, Rep.","Cote d'Ivoire","Eritrea","Ethiopia","Gabon","Gambia","Ghana","Guatemala","Guinea","Guinea-Bissau","Kenya","Lesotho","Madagascar","Malawi","Mali","Mauritania","Mozambique","Niger","Papua New Guinea","Samoa","Sao Tome and Principe","Senegal","Sierra Leone","Solomon Islands","Sudan","Swaziland","Tanzania","Togo","Tonga","Uganda","Vanuatu","Yemen","Zambia","Zimbabwe"],"x":{"__ndarray__":"8tcRfAJI+L9RN4gXcbr6vwRhb0hP5PO/sMDXYoTv+L9yb5pY+qb3v89no/qG6PO/UR43pqZq/7/1Xa2jABHxvw5QfGXf8fe/XmA4AOQ88783eiRN7Jjyv4szrWJlefW/uKOQxyN17b97PB4JAbnSv0+p3Kl+A/u//VqZu5Ue57/d1ByypgXlv9Hp0YH03PW//cw9cOuQ87+HH+uPvRbwv2aBqpFTdeS/RC+Q/DGO87+F0THdn1n7v6rYJrknXP6/3e6Kydbk7b828VQcSxj6v4rPIWSirQLAjWjOEvxY5r9r7NGJLxHsvxRe+BV9hvW/QPT1MBJJ9r+MjYARmKbwv0doULsF7/C/L3wPcrw57r/xvLQ+junhvzdh2F00pfa/Yg5xB2DX87/0S72+IVvsv4xVmJ+dRv6/zEzjsI9K679Rqbefv+Psv7blocq2G/q/EHakOiPg8b8=","dtype":"float64","shape":[43]},"xv":{"__ndarray__":"+FTOEdDjl7/fsjlDO4CVvwA9ReoTzXm/8FTOEdDjh79AsYDWtcF6vyiZ9675qoy/wBCldKYcg78AEH2TaoU7vyBIrUcveau/AOGSJS7vZr8smfeu+aqMvwApLpxiM2G/QOpBFsTcrb8A4pIlLu9WvwDgkiUu71a/LJn3rvmqjL9Amfeu+ap8v8AQpXSmHHO/AIRuhz2UTr8gmfeu+aqcvwDgkiUu70a/rW4QphG5kL8AVc4R0OOHvwBVzhHQ44e/AOGSJS7vZr+ubhCmEbmQv7BuEKYRuZC/AIFuhz2Ubr8AgIufl3YIvwCgi5+Xdhi/wBCldKYcg78Amfeu+apsvwC4qLfxWDK/wBCldKYck78AiG6HPZQ+v8C/Wg3c6qG/wCgunGIzcb8AAAAAAAAAAEA7jH2ODp+/ALCot/FYIr+vbhCmEbmQv/BUzhHQ44e/wBCldKYcg78=","dtype":"float64","shape":[43]},"y":{"__ndarray__":"eq0j40FMxr90bMDKjTOgv9GzMwBWRMO/LArR18ag479EUKyaDWOVv5Cc1C7hgca/JxifzbkZtT9oq1T+r0rOP3fpiBVNife/5efhTpo6sT8fuevf0Drlv3lhZp5FaOc//74bKcHCAMBoZ5NAn5u2vxi0X0LcnMS/o7FhKpVk1b9OAv6yqTzGP5tVJpoDL9M/Mir9AYE66D/GWbVESqPjv0Utgp43jN2/t7pceOBWxj+1jWBFVG3AvyydsXG58dw/vbJz2WlU0L8al9RJXjnmv5VwpXP95Lc/qZkWg7rlqz/aKqNbgu7kP9ExgiOASsQ/IY0JqtZUuD/w3J+FJeb/v63pie3wOtg/70uiBei4wL/jN3pCvpfSP9Py92em1+y/XsAhWTLHv7/498a1deDZPyC5fDHNEuG/MDjFQvlg8T/d4PuH7we0v8ayEO4kqse/EYD6e9TkpL8=","dtype":"float64","shape":[43]},"yv":{"__ndarray__":"/JwAejr9AUCx6WAp3HDPP4i2uhz5SrK/BE9cSOMmxz/0uoCHFie5v8VfI/mZAZC/3xNJmR5U8j/8j7UG9US/v4W2uhz5StK/NCOkW87D07/6TlxI4ybXPw+S3JmJpvM/aDUJwvGT0L/8YYauqG+zv5Zor87Uuc2/Gwvvikkm4T/gij5SXvS9v7o22nDyodE/9LqAhxYn2b8uveM8JZXMv2BmTBnGS6o/sKZxvCfMlj+Z6Ti9imjlv7IkQhE7ude/GAvvikkmsT8AERirdXB7P5X09YBuBPo/ZRXxqZ/L6D/HwLLgOm7nP4LZiXIavQDAjYizMP59wL+gkGZQbrnJv1CMyFGi5dw/Q3FmnmIg9r+oDKH23h/Kv0IgfKYd3cA//BN7YITerj+kR4LePWiyv11TBKLDfOa/DIpR5mpz5D96ClL3+LXbv2Jrm2ELlNE/4s2q7dtv9T8=","dtype":"float64","shape":[43]}},"selected":{"id":"2575","type":"Selection"},"selection_policy":{"id":"2576","type":"UnionRenderers"}},"id":"2525","type":"ColumnDataSource"},{"attributes":{"dimension":1,"ticker":{"id":"2509","type":"BasicTicker"}},"id":"2512","type":"Grid"},{"attributes":{"fill_alpha":{"value":0.1},"fill_color":{"value":"#1f77b4"},"line_alpha":{"value":0.1},"line_color":{"value":"#1f77b4"},"size":{"units":"screen","value":6},"x":{"field":"x"},"y":{"field":"y"}},"id":"2552","type":"Square"},{"attributes":{},"id":"2572","type":"BasicTickFormatter"},{"attributes":{"callback":null,"data":{"cluster_id":{"__ndarray__":"AAAAAAAA8D8AAAAAAADwPwAAAAAAAPA/AAAAAAAA8D8AAAAAAADwPwAAAAAAAPA/AAAAAAAA8D8AAAAAAADwPwAAAAAAAPA/AAAAAAAA8D8=","dtype":"float64","shape":[10]},"grados_p":["[0.1559, 0.5152, 0.0372, 0.2918]","[0.222, 0.3704, 0.0402, 0.3674]","[0.1603, 0.4719, 0.0372, 0.3307]","[0.1692, 0.453, 0.036, 0.3419]","[0.1338, 0.601, 0.0334, 0.2318]","[0.1768, 0.4015, 0.0398, 0.3818]","[0.172, 0.4143, 0.0395, 0.3741]","[0.1629, 0.5163, 0.0376, 0.2832]","[0.1818, 0.4259, 0.0392, 0.3532]","[0.169, 0.4413, 0.062, 0.3277]"],"pais":["Comoros","Gabon","Ghana","Guatemala","Guinea-Bissau","Lesotho","Papua New Guinea","Samoa","Swaziland","Vanuatu"],"x":{"__ndarray__":"9V2towAR8b97PB4JAbnSv/1ambuVHue/3dQcsqYF5b/9zD1w65Dzv2aBqpFTdeS/jWjOEvxY5r9r7NGJLxHsv/G8tD6O6eG/zEzjsI9K678=","dtype":"float64","shape":[10]},"xv":{"__ndarray__":"AOGSJS7vVr8AgG6HPZQ+v8BUzhHQ46e/AACMn5d2+L4AgG6HPZQuvwC4qLfxWDK/AFXOEdDjl7/wVM4R0OOHv8AQpXSmHHO/wBCldKYcg78=","dtype":"float64","shape":[10]},"y":{"__ndarray__":"aKtU/q9Kzj9oZ5NAn5u2v6OxYSqVZNW/TgL+sqk8xj8yKv0BgTroP0Utgp43jN2/qZkWg7rlqz/aKqNbgu7kP+M3ekK+l9I/MDjFQvlg8T8=","dtype":"float64","shape":[10]},"yv":{"__ndarray__":"4DnPLA9wpz/Agosy7rjUvyBk6WO33aY/6Fn7+ok8xD8K7v4nqETMP7h9POqocM0/+r/Pz1tv0L8ET1xI4ybHPxAUe2CE3q4/0OhfB8DrsL8=","dtype":"float64","shape":[10]}},"selected":{"id":"2583","type":"Selection"},"selection_policy":{"id":"2584","type":"UnionRenderers"}},"id":"2549","type":"ColumnDataSource"},{"attributes":{"active_drag":"auto","active_inspect":"auto","active_multi":null,"active_scroll":"auto","active_tap":"auto","tools":[{"id":"2487","type":"HoverTool"},{"id":"2488","type":"PanTool"},{"id":"2489","type":"ResetTool"},{"id":"2490","type":"BoxZoomTool"},{"id":"2491","type":"WheelZoomTool"}]},"id":"2513","type":"Toolbar"},{"attributes":{"fill_color":{"value":"white"},"line_color":{"value":"#1f77b4"},"size":{"units":"screen","value":6},"x":{"field":"x"},"y":{"field":"y"}},"id":"2551","type":"Square"},{"attributes":{"below":[{"id":"2503","type":"LinearAxis"}],"center":[{"id":"2507","type":"Grid"},{"id":"2512","type":"Grid"}],"left":[{"id":"2508","type":"LinearAxis"}],"plot_height":500,"plot_width":700,"renderers":[{"id":"2523","type":"GlyphRenderer"},{"id":"2529","type":"GlyphRenderer"},{"id":"2535","type":"GlyphRenderer"},{"id":"2541","type":"GlyphRenderer"},{"id":"2547","type":"GlyphRenderer"},{"id":"2553","type":"GlyphRenderer"},{"id":"2559","type":"GlyphRenderer"},{"id":"2565","type":"GlyphRenderer"}],"title":{"id":"2493","type":"Title"},"toolbar":{"id":"2513","type":"Toolbar"},"x_range":{"id":"2495","type":"DataRange1d"},"x_scale":{"id":"2499","type":"LinearScale"},"y_range":{"id":"2497","type":"DataRange1d"},"y_scale":{"id":"2501","type":"LinearScale"}},"id":"2492","subtype":"Figure","type":"Plot"},{"attributes":{"source":{"id":"2531","type":"ColumnDataSource"}},"id":"2536","type":"CDSView"},{"attributes":{},"id":"2588","type":"UnionRenderers"},{"attributes":{"callback":null,"data":{"cluster_id":{"__ndarray__":"","dtype":"float64","shape":[0]},"grados_p":[],"pais":[],"x":{"__ndarray__":"","dtype":"float64","shape":[0]},"xv":{"__ndarray__":"","dtype":"float64","shape":[0]},"y":{"__ndarray__":"","dtype":"float64","shape":[0]},"yv":{"__ndarray__":"","dtype":"float64","shape":[0]}},"selected":{"id":"2585","type":"Selection"},"selection_policy":{"id":"2586","type":"UnionRenderers"}},"id":"2555","type":"ColumnDataSource"},{"attributes":{"bottom_units":"screen","fill_alpha":{"value":0.5},"fill_color":{"value":"lightgrey"},"left_units":"screen","level":"overlay","line_alpha":{"value":1.0},"line_color":{"value":"black"},"line_dash":[4,4],"line_width":{"value":2},"render_mode":"css","right_units":"screen","top_units":"screen"},"id":"2589","type":"BoxAnnotation"},{"attributes":{"fill_color":{"value":"red"},"line_color":{"value":"#1f77b4"},"size":{"units":"screen","value":12},"x":{"field":"x"},"y":{"field":"y"}},"id":"2533","type":"Circle"},{"attributes":{"data_source":{"id":"2519","type":"ColumnDataSource"},"glyph":{"id":"2521","type":"Circle"},"hover_glyph":null,"muted_glyph":null,"nonselection_glyph":{"id":"2522","type":"Circle"},"selection_glyph":null,"view":{"id":"2524","type":"CDSView"}},"id":"2523","type":"GlyphRenderer"},{"attributes":{"data_source":{"id":"2531","type":"ColumnDataSource"},"glyph":{"id":"2533","type":"Circle"},"hover_glyph":null,"muted_glyph":null,"nonselection_glyph":{"id":"2534","type":"Circle"},"selection_glyph":null,"view":{"id":"2536","type":"CDSView"}},"id":"2535","type":"GlyphRenderer"},{"attributes":{},"id":"2587","type":"Selection"},{"attributes":{"fill_color":{"value":"blue"},"line_color":{"value":"#1f77b4"},"size":{"units":"screen","value":12},"x":{"field":"x"},"y":{"field":"y"}},"id":"2521","type":"Circle"},{"attributes":{},"id":"2586","type":"UnionRenderers"},{"attributes":{},"id":"2491","type":"WheelZoomTool"},{"attributes":{"callback":null,"data":{"cluster_id":{"__ndarray__":"AAAAAAAACEAAAAAAAAAIQAAAAAAAAAhAAAAAAAAACEAAAAAAAAAIQAAAAAAAAAhAAAAAAAAACEAAAAAAAAAIQAAAAAAAAAhAAAAAAAAACEAAAAAAAAAIQAAAAAAAAAhAAAAAAAAACEAAAAAAAAAIQAAAAAAAAAhAAAAAAAAACEAAAAAAAAAIQAAAAAAAAAhAAAAAAAAACEAAAAAAAAAIQAAAAAAAAAhAAAAAAAAACEAAAAAAAAAIQAAAAAAAAAhAAAAAAAAACEAAAAAAAAAIQAAAAAAAAAhAAAAAAAAACEAAAAAAAAAIQAAAAAAAAAhAAAAAAAAACEAAAAAAAAAIQAAAAAAAAAhAAAAAAAAACEAAAAAAAAAIQAAAAAAAAAhAAAAAAAAACEAAAAAAAAAIQAAAAAAAAAhAAAAAAAAACEAAAAAAAAAIQAAAAAAAAAhAAAAAAAAACEAAAAAAAAAIQAAAAAAAAAhAAAAAAAAACEAAAAAAAAAIQAAAAAAAAAhAAAAAAAAACEAAAAAAAAAIQAAAAAAAAAhAAAAAAAAACEAAAAAAAAAIQAAAAAAAAAhAAAAAAAAACEAAAAAAAAAIQAAAAAAAAAhAAAAAAAAACEAAAAAAAAAIQAAAAAAAAAhAAAAAAAAACEAAAAAAAAAIQAAAAAAAAAhAAAAAAAAACEAAAAAAAAAIQAAAAAAAAAhAAAAAAAAACEAAAAAAAAAIQAAAAAAAAAhAAAAAAAAACEAAAAAAAAAIQAAAAAAAAAhA","dtype":"float64","shape":[72]},"grados_p":["[0.1301, 0.2409, 0.0561, 0.5729]","[0.0929, 0.1939, 0.0434, 0.6699]","[0.1198, 0.2014, 0.0473, 0.6315]","[0.1091, 0.2417, 0.0504, 0.5988]","[0.1457, 0.2095, 0.0581, 0.5866]","[0.1599, 0.2145, 0.0582, 0.5673]","[0.0874, 0.1642, 0.0361, 0.7123]","[0.1269, 0.1919, 0.0502, 0.6311]","[0.0657, 0.1983, 0.0309, 0.7051]","[0.0746, 0.1616, 0.034, 0.7299]","[0.0737, 0.2975, 0.0373, 0.5915]","[0.0602, 0.14, 0.0261, 0.7737]","[0.2199, 0.1184, 0.0258, 0.636]","[0.1582, 0.1751, 0.0303, 0.6364]","[0.1683, 0.1591, 0.0289, 0.6437]","[0.3889, 0.1316, 0.0335, 0.446]","[0.2653, 0.1633, 0.0415, 0.5299]","[0.245, 0.135, 0.0313, 0.5887]","[0.3095, 0.1356, 0.0301, 0.5248]","[0.1765, 0.2258, 0.0347, 0.563]","[0.1278, 0.1175, 0.0195, 0.7352]","[0.0754, 0.0671, 0.0118, 0.8457]","[0.264, 0.2794, 0.0664, 0.3903]","[0.1381, 0.1374, 0.0235, 0.7011]","[0.4257, 0.1416, 0.0327, 0.3999]","[0.1603, 0.1367, 0.0264, 0.6766]","[0.1676, 0.1258, 0.0247, 0.6819]","[0.1619, 0.1653, 0.0282, 0.6446]","[0.1788, 0.3161, 0.038, 0.4671]","[0.175, 0.2496, 0.034, 0.5415]","[0.3711, 0.1325, 0.0315, 0.4648]","[0.3248, 0.1961, 0.0638, 0.4153]","[0.1711, 0.1509, 0.029, 0.649]","[0.1882, 0.3116, 0.0357, 0.4646]","[0.3408, 0.1337, 0.0316, 0.4939]","[0.1863, 0.3209, 0.04, 0.4528]","[0.1814, 0.2065, 0.0367, 0.5753]","[0.1812, 0.311, 0.0375, 0.4704]","[0.3808, 0.1474, 0.0339, 0.4379]","[0.2431, 0.1602, 0.0388, 0.5579]","[0.3481, 0.1367, 0.0349, 0.4803]","[0.1889, 0.1442, 0.0298, 0.6372]","[0.2873, 0.1549, 0.0388, 0.519]","[0.1843, 0.3333, 0.0398, 0.4427]","[0.2571, 0.1983, 0.0538, 0.4908]","[0.2081, 0.1602, 0.035, 0.5967]","[0.1473, 0.1393, 0.0282, 0.6852]","[0.1978, 0.2028, 0.0437, 0.5557]","[0.1904, 0.3628, 0.0379, 0.409]","[0.1734, 0.354, 0.0402, 0.4324]","[0.1701, 0.2101, 0.0338, 0.586]","[0.2421, 0.1594, 0.0308, 0.5677]","[0.184, 0.2227, 0.0346, 0.5587]","[0.0818, 0.0749, 0.0138, 0.8296]","[0.2454, 0.2872, 0.0716, 0.3958]","[0.362, 0.1449, 0.0399, 0.4532]","[0.2198, 0.1186, 0.0266, 0.6349]","[0.1714, 0.1309, 0.0266, 0.6711]","[0.3771, 0.1554, 0.0394, 0.4281]","[0.1861, 0.1727, 0.0352, 0.606]","[0.1207, 0.1098, 0.0215, 0.748]","[0.2023, 0.174, 0.035, 0.5887]","[0.2003, 0.1705, 0.035, 0.5942]","[0.2078, 0.1637, 0.0313, 0.5973]","[0.279, 0.1859, 0.0565, 0.4785]","[0.1913, 0.1493, 0.0332, 0.6261]","[0.3029, 0.1965, 0.0528, 0.4477]","[0.1987, 0.1573, 0.0323, 0.6118]","[0.2349, 0.1839, 0.0522, 0.529]","[0.1511, 0.1632, 0.0511, 0.6347]","[0.1353, 0.101, 0.0324, 0.7312]","[0.2382, 0.2223, 0.1174, 0.4221]"],"pais":["Albania","Algeria","Antigua and Barbuda","Argentina","Azerbaijan","Bahamas","Barbados","Belarus","Belize","Bhutan","Bolivia","Botswana","Bulgaria","Cambodia","Cape Verde","Chile","Colombia","Costa Rica","Croatia","Djibouti","Dominican Republic","Ecuador","Egypt","El Salvador","Estonia","Fiji","Grenada","Guyana","Haiti","Honduras","Hungary","Iran","Jamaica","Jordan","Kazakhstan","Kiribati","Kyrgyz Republic","Lao","Lithuania","Macedonia, FYR","Malaysia","Maldives","Mauritius","Micronesia, Fed. Sts.","Moldova","Mongolia","Morocco","Myanmar","Namibia","Nepal","Nicaragua","Panama","Paraguay","Peru","Philippines","Poland","Romania","Serbia","Seychelles","South Africa","Sri Lanka","St. Lucia","St. Vincent and the Grenadines","Suriname","Thailand","Tunisia","Turkey","Turkmenistan","Uruguay","Uzbekistan","Venezuela","Vietnam"],"x":{"__ndarray__":"BAE0B0RA3z+Fm6a4OyrhP0Fhg4riLuc/whQsxf2T4z+LKQRdgk/xP/sBPHz72fE/q2XB+Mfm3j9jGQX1kIHtP2pvSJln7cq/fpML0hFW0D/HOH6kuXrWv2z1Q2vFSNQ/YMp88dfO4T+PsjNnw7S5v51GLJv7Abq/NDrM46il8D+56hM1jgjnP42I0xxbUeM/QOXp+yrv5D+h1ZolmjvWv/v3eumRN7g/nX1WRpCawj8qnClm6NHHPzf5/1MwOKa/y5uijlaZ7D86C0ezsUzBPyr8G+n+ntE/rptmx3Walz/lbJM50fDgv0yNz8qje9e/YJNA3l4a7z/IhBpK3MfxPzR5Up5apsI/Tvsseq281r9ZJxeVAkrwPywNaoOqk+K/K10smyD5oT/3p9LHn+LWv7nzWiCm6u8/pPhWDkjt5j/NVh4fdqbyP8YwuHeF09o/692sSuxb7j/IpVfvwWfhv3wJN7ovleg/ouBjiavU4z+df9weKITTP7pSC1UbkdI/JQ8WNKGo2L9LNN0yBGzgvwwnlPM/yL2/SNVzglJy4z+Pv8qqAIO9P04TSBF1NtY//C6cL3Ze0D+P3AVzT5b0P5MIRbHzVes/IAwBN+sk4D+iGkU84rryP/cs3IXOC9s/ZVl1Znu13D9t6hZsiKrRPyMIt8ECh9g/UxMKXAzr3T9mq0H9gZHyPzSSSDpJs+E/i6Kkq4u38D8YfoiwwRDkP37g0LNWzt4/HIBExoKj0j9NLt38v8ThP+NFlM4Ge+g/","dtype":"float64","shape":[72]},"xv":{"__ndarray__":"AAAAAAAAAACwbhCmEbmQvwCAi5+Xdvi+4BCldKYcg78AyQn+cdhovwCAboc9lB6/AACMn5d2+L4AgG6HPZQuvwAgmqvEZyW/ALiot/FYMr/AEKV0phxzvwCAboc9lE6/AIJuhz2UTj/AEKV0phxzvwCwqLfxWCK/4BCldKYcc7/AEKV0phyDvwDhkiUu71a/AIBuhz2UPj8AmIufl3Y4v4AQpXSmHGO/QJn3rvmqfL8AVc4R0OOnvwDikiUu70a/AAAAAAAAAAAAwKi38VgivwCAi5+Xdvi+AIBuhz2UHr8AEaV0phxjvwCZ9675qmy/AOKSJS7vRj8AszlDO4CVvwCAboc9lC6/wITgYEgRhL8gmfeu+ap8vwCAi5+Xdgi/ACkunGIzYb8AsYDWtcFavwCCboc9lE4/AIBuhz2ULr/wVM4R0OOHvwD4rz2I0TC/AJBuhz2ULr8AAAAAAAAAAAAAAAAAAAAAAOGSJS7vVr8AVc4R0OOHv8AQpXSmHIO/AOKSJS7vVr/AEKV0phyDvwCxgNa1wVq/ALGA1rXBWr+AKC6cYjNhv8AQpXSmHIO/wBCldKYco78AAAAAAAAAAMAQpXSmHGM/AIJuhz2UTj8AAIufl3bovuAQpXSmHJO/4BCldKYcY78AgIufl3b4vgAAAAAAAAAAAMCot/FYIr8Amfeu+ap8v4AQpXSmHGO/QJn3rvmqnL8AEaV0phxjvwCAboc9lC6/AFXOEdDjh7/AEKV0phyDvwBVzhHQ45e/","dtype":"float64","shape":[72]},"y":{"__ndarray__":"TPUbQvTX0z/S1tuw01zCvxG1j4tIauU/UuSpfiGX2L8WNNF50ZLPvyDJ5du2luU/XeOjQEeB6z+zM/WIfPzcP1R8/8HCh+M/vdmDQ+nCzL+mtUk2/SLav5WSBVmhwck/VMCZVbbC1j/bji2Ig1Dmv1GjvSVx8OU/1Qdp7/Z9lL9qibRP8bLgv4dY6WBgSto/dj34WeHx6z8uwgkk/BfDP47E6/KZ7Lw/tZhjRiQJnL/3yNqG+ojlv698kaVuQtM/y+9+kxw64j8bnZwk4EjEP4EQtTbkTdw/fwYPYai/z7/OAVw3JFvAv49zs4xdTtU/zORrgZZm2D8jIHWZ6vO/P5Oz4dXXNeI/lyOhsUQt1D9UcfEVlXnJv9hRz2TYwNY/9+dKZR538r8noA76K0Pjv2vWRsFYg8E/7syzPdobwz+PUUHW7+POvxl5fmUlT9M/iZZeEM+C0j9iM3OeNtvYP22uPG4kj++/84XW25gY8L8R5puGNtPevyUiCL6QavG/L9Y1hIiMmb/+NPe8RNjMvyEwJ0Jkfq2/ifZJyftv1r9MIW3O4jn2v1LxdPiz1de/vrQLeH6o+79ZMkG585+EP5aZ7Az0ycW/+vNSY9iZwD9SbHwPwjPbP/WIM5eD5si/rEqGu91K6L9rq91UkhTwPz/VlHD4btI/ft0yTwWOsz/DL6dnVAzlvxl7CcHDaNA/c6boEALW5L+oT36jntLqvztkN3E18qM/dJT6lmht7b8dKmAY0mHZPyqGtQ7tRve/","dtype":"float64","shape":[72]},"yv":{"__ndarray__":"sl8j+ZkBwD+rkGZQbrm5v4wnQlqal+A/DHcJb2ik4L8oMZMvd8jtvyCEFTIyqoO/6Fn7+ok8xD8K7v4nqETMP3Tkt63fleE/uH086qhwzT8iZOljt93Wv7wRGKt1cKs/mGivztS5rb8QFHtghN6uP2AoL8aNGMo/GQvvikkm0T8QZOljt92Gv2CGZDEYFOI/HNANo+rdyL+Jtroc+Uqivxxk6WO33aa/aPon2pJLyD98a8PNXJy7v1gNUkBYlJQ/O0YCOg759T8SdxPKfCbTv/1pJRjwpue/PuWavr6UyL/GTPmS1LjTvxbgD1T/P9I/6XxPfrXv47945/1zzQLsvxj31DIYu8u/HY+05Ni/wL9gZkwZxkvKv7jIMzlFH5S/w2fCYuE4BMA4jKDlUN2yv6jLRzjNAdI/0uubcpnW6L/w9WFvdW/BP9ZBUIUZIeS/yLgd0ge5pT8EHAYUoxG+vyAyy36JEwHAUOWavr6UyD/M24ULXHDav7C4HdIHuaW/eCLfWyxLxD+zJEIRO7nXP1LScFj5S8w/D5LcmYmm4z8+AGSOyxQJwNDg1FOhuNE/qF8j+ZkBsL9SDVJAWJS0P7JPF+1wHeS/iUVHlYAC6b8I4zcJsCbFv0ZmJK10Q8A/LPjEJITdxL/AERirdXCrP9Hg1FOhuMG/PuWavr6UyD85NvYt5RTqP/b1YW91b9E/PjtFdipd0b84Ub/98ZTKPwAUe2CE3q6/yLgd0ge5tb8VxcFW6H7wP1ANUkBYlKS/","dtype":"float64","shape":[72]}},"selected":{"id":"2579","type":"Selection"},"selection_policy":{"id":"2580","type":"UnionRenderers"}},"id":"2537","type":"ColumnDataSource"},{"attributes":{},"id":"2574","type":"UnionRenderers"},{"attributes":{"fill_alpha":{"value":0.1},"fill_color":{"value":"#1f77b4"},"line_alpha":{"value":0.1},"line_color":{"value":"#1f77b4"},"size":{"units":"screen","value":12},"x":{"field":"x"},"y":{"field":"y"}},"id":"2540","type":"Circle"},{"attributes":{},"id":"2584","type":"UnionRenderers"},{"attributes":{"fill_alpha":{"value":0.1},"fill_color":{"value":"#1f77b4"},"line_alpha":{"value":0.1},"line_color":{"value":"#1f77b4"},"size":{"units":"screen","value":12},"x":{"field":"x"},"y":{"field":"y"}},"id":"2534","type":"Circle"},{"attributes":{"fill_alpha":{"value":0.1},"fill_color":{"value":"#1f77b4"},"line_alpha":{"value":0.1},"line_color":{"value":"#1f77b4"},"size":{"units":"screen","value":6},"x":{"field":"x"},"y":{"field":"y"}},"id":"2546","type":"Square"},{"attributes":{"callback":null,"tooltips":[["pais","@pais"],["index","$index"],["(x,y)","(@x, @y)"],["(Cambio_x,Cambio_y)","(@xv, @yv)"],["cluster_id","@cluster_id"],["Pertenencia_clusters","@grados_p"]]},"id":"2487","type":"HoverTool"},{"attributes":{},"id":"2583","type":"Selection"},{"attributes":{},"id":"2582","type":"UnionRenderers"},{"attributes":{"text":"2013"},"id":"2493","type":"Title"},{"attributes":{},"id":"2504","type":"BasicTicker"},{"attributes":{"fill_color":{"value":"white"},"line_color":{"value":"#1f77b4"},"size":{"units":"screen","value":6},"x":{"field":"x"},"y":{"field":"y"}},"id":"2545","type":"Square"},{"attributes":{},"id":"2580","type":"UnionRenderers"},{"attributes":{},"id":"2585","type":"Selection"},{"attributes":{"ticker":{"id":"2504","type":"BasicTicker"}},"id":"2507","type":"Grid"},{"attributes":{},"id":"2570","type":"BasicTickFormatter"},{"attributes":{"axis_label":"Componente principal 1","formatter":{"id":"2570","type":"BasicTickFormatter"},"ticker":{"id":"2504","type":"BasicTicker"}},"id":"2503","type":"LinearAxis"},{"attributes":{},"id":"2581","type":"Selection"},{"attributes":{"callback":null},"id":"2495","type":"DataRange1d"},{"attributes":{"data_source":{"id":"2537","type":"ColumnDataSource"},"glyph":{"id":"2539","type":"Circle"},"hover_glyph":null,"muted_glyph":null,"nonselection_glyph":{"id":"2540","type":"Circle"},"selection_glyph":null,"view":{"id":"2542","type":"CDSView"}},"id":"2541","type":"GlyphRenderer"},{"attributes":{},"id":"2579","type":"Selection"},{"attributes":{"source":{"id":"2525","type":"ColumnDataSource"}},"id":"2530","type":"CDSView"},{"attributes":{},"id":"2577","type":"Selection"},{"attributes":{"fill_color":{"value":"white"},"line_color":{"value":"#1f77b4"},"size":{"units":"screen","value":6},"x":{"field":"x"},"y":{"field":"y"}},"id":"2563","type":"Square"},{"attributes":{"source":{"id":"2519","type":"ColumnDataSource"}},"id":"2524","type":"CDSView"},{"attributes":{"fill_color":{"value":"green"},"line_color":{"value":"#1f77b4"},"size":{"units":"screen","value":12},"x":{"field":"x"},"y":{"field":"y"}},"id":"2539","type":"Circle"},{"attributes":{"fill_alpha":{"value":0.1},"fill_color":{"value":"#1f77b4"},"line_alpha":{"value":0.1},"line_color":{"value":"#1f77b4"},"size":{"units":"screen","value":6},"x":{"field":"x"},"y":{"field":"y"}},"id":"2564","type":"Square"},{"attributes":{"callback":null,"data":{"cluster_id":{"__ndarray__":"AAAAAAAAAAAAAAAAAAAAAAAAAAAAAAAAAAAAAAAAAAAAAAAAAAAAAAAAAAAAAAAAAAAAAAAAAAAAAAAAAAAAAAAAAAAAAAAAAAAAAAAAAAAAAAAAAAAAAAAAAAAAAAAAAAAAAAAAAAAAAAAAAAAAAAAAAAAAAAAAAAAAAAAAAAAAAAAAAAAAAAAAAAAAAAAAAAAAAAAAAAAAAAAAAAAAAAAAAAAAAAAAAAAAAAAAAAAAAAAAAAAAAAAAAAAAAAAAAAAAAAAAAAAAAAAAAAAAAAAAAAAAAAAAAAAAAAAAAAAAAAAAAAAAAAAAAAAAAAAAAAAAAAAAAAAAAAAAAAAAAAAAAAAAAAAAAAAAAAAAAAAAAAAAAAAAAA==","dtype":"float64","shape":[35]},"grados_p":["[0.2439, 0.2576, 0.0778, 0.4208]","[0.2556, 0.2528, 0.0764, 0.4153]","[0.321, 0.2193, 0.081, 0.3788]","[0.2179, 0.2577, 0.0711, 0.4532]","[0.509, 0.1772, 0.0805, 0.2333]","[0.7152, 0.0913, 0.0296, 0.164]","[0.5357, 0.1293, 0.0369, 0.298]","[0.5378, 0.1181, 0.0309, 0.3132]","[0.6363, 0.1243, 0.035, 0.2045]","[0.6409, 0.1176, 0.0307, 0.2108]","[0.4708, 0.1845, 0.0527, 0.292]","[0.4684, 0.1861, 0.066, 0.2795]","[0.3583, 0.1486, 0.0314, 0.4617]","[0.6734, 0.106, 0.0291, 0.1915]","[0.6628, 0.1145, 0.0331, 0.1896]","[0.4219, 0.1981, 0.039, 0.341]","[0.4644, 0.1742, 0.0477, 0.3137]","[0.4555, 0.1926, 0.0864, 0.2655]","[0.413, 0.2163, 0.1026, 0.2681]","[0.4795, 0.1416, 0.034, 0.3449]","[0.7647, 0.0788, 0.0229, 0.1337]","[0.555, 0.1327, 0.0319, 0.2804]","[0.5295, 0.1716, 0.0608, 0.2381]","[0.5512, 0.1394, 0.0483, 0.2611]","[0.3727, 0.1528, 0.0331, 0.4414]","[0.7009, 0.1, 0.0329, 0.1663]","[0.4567, 0.1942, 0.0877, 0.2615]","[0.4043, 0.1516, 0.0417, 0.4024]","[0.4126, 0.1515, 0.037, 0.3989]","[0.4667, 0.1475, 0.0488, 0.3369]","[0.4543, 0.1455, 0.0387, 0.3615]","[0.6452, 0.1234, 0.0321, 0.1992]","[0.6136, 0.1361, 0.0458, 0.2045]","[0.4955, 0.1407, 0.0382, 0.3255]","[0.4789, 0.1673, 0.0482, 0.3055]"],"pais":["Australia","Austria","Bahrain","Belgium","Brunei","Canada","Cyprus","Czech Republic","Denmark","Finland","France","Germany","Greece","Iceland","Ireland","Israel","Italy","Kuwait","Luxembourg","Malta","Netherlands","New Zealand","Norway","Oman","Portugal","Saudi Arabia","Singapore","Slovak Republic","Slovenia","South Korea","Spain","Sweden","Switzerland","Trinidad and Tobago","United Kingdom"],"x":{"__ndarray__":"Z8XmM0OW+z+tWeJnqLL7P4nWIIKKPANAZnTbkxsN9z8w7Ee0xaELQC5EfDF9Hv4/99QszUzd8z/LjTFKHY3yPzRjCqzLdPg/tNhqx1Qx9D/6Txh6oA/1P9YTQOlGn/0/X7fqo8jJ5D8xL91EDNr4P7Lhm9qIifk/z5mko3DR5j/waqe+YNjzPyXXI4ru8wtAUPDk9tI2DkCJgxGx9C/yP8hmfZmA4/o/2a2bReXZ8j8xIhK2uAIDQMvn+bkIBAJAg8evP+Up6j8lZc3ZYPgAQH7CqV6wCw1Agl6JI1PO9T8gmf86uUvxPw0qvnxLLf4/hYFtPD+h9D/4HDgvOgD3P7bSQzDsRQJAjc/oszpf9z9XMD+5Ofr3Pw==","dtype":"float64","shape":[35]},"xv":{"__ndarray__":"xhCldKYcg78A4ZIlLu9WvwCAboc9lD6/gBCldKYcY78AsKi38Vgiv8AQpXSmHIO/AAAAAAAAAAAAAAAAAAAAAADgkiUu70a/AOCSJS7vRr8Amfeu+ap8vwARpXSmHHO/ABGldKYcYz8AAIyfl3b4vgAAAAAAAAAAAOGSJS7vZr8AAAAAAAAAAMAQpXSmHHO/AHChMVvgM78AwIufl3YIvwAAAAAAAAAAABGldKYcU78AsYDWtcFavwBVzhHQ43e/gBCldKYcYz/IEKV0phyTvwApLpxiM2G/AIBuhz2ULr8AgG6HPZQuvwARpXSmHHO/ABGldKYccz8AgW6HPZRevwARpXSmHGO/AIBuhz2ULr8Amfeu+ap8vw==","dtype":"float64","shape":[35]},"y":{"__ndarray__":"hhVkESrm4D/1Ine5YMXtPyGadcV6yOI/bTIYpX+i7T+x3tzb0/j/P9hR5X0pU9o/JYjyivGtAEDMF1Xgm3zsPzznhMJtcu4/pTD5ThDV8z/3qlezdke5P0WgX5oEtsC/5qwHRU9k8z9gVEvxBi/lP5PIewETHPw/dqRJMO7g4j9zWrhdp1XfPwzjL+vBG/w/hGeobVHN+j/6mzC4iwvgP8X6Z6h7ZfA/FJdPttrl4z+Fsx8vGuT0P1z38L68heY/ylstHIHC7T+6jgjXH3nhP6G6h1RdwvA/H6RKQhic5D8+C2DHVNHwPyC6JJJImcW/soMNY8L72D/Yz6U1kJPpPzfzMRRZV+w/lwc1i3Hd5j/ni8aoGT7Bvw==","dtype":"float64","shape":[35]},"yv":{"__ndarray__":"9vVhb3VvwT/gOc8sD3CnP8CCizLuuNS/iHidycAXwr8Ewx/xXV7dP9DoXwfA67C/rnWdgGE56T/gsvXT9/Opv6ZCM5b4H8u/YA1SQFiUtD+QQgsqpxexv6gMofbeH7o/ODb2LeUU6r+z6WAp3HDPv/JIPXtCWu4/QLa6HPlKcj9gDVJAWJSUvxRcSvpvpvI/rDgms1SB4b9OIJBcRuHVv7RfI/mZAcC/XWZMGcZLuj/uC9z2PKfaP8wRGKt1cIu/pAHa1+YB078WBqBCBN7ZP76dVAL7OOW/BJ2PAlnAxT++uB3SB7nVv+LNqu3bb8W/bAKzjbF+x7+Q3F7BJu2+vxLDujBku9O/3DnPLA9wp79MnMoCt0fWvw==","dtype":"float64","shape":[35]}},"selected":{"id":"2573","type":"Selection"},"selection_policy":{"id":"2574","type":"UnionRenderers"}},"id":"2519","type":"ColumnDataSource"},{"attributes":{},"id":"2576","type":"UnionRenderers"},{"attributes":{},"id":"2501","type":"LinearScale"},{"attributes":{},"id":"2578","type":"UnionRenderers"},{"attributes":{},"id":"2499","type":"LinearScale"},{"attributes":{"source":{"id":"2537","type":"ColumnDataSource"}},"id":"2542","type":"CDSView"},{"attributes":{"data_source":{"id":"2543","type":"ColumnDataSource"},"glyph":{"id":"2545","type":"Square"},"hover_glyph":null,"muted_glyph":null,"nonselection_glyph":{"id":"2546","type":"Square"},"selection_glyph":null,"view":{"id":"2548","type":"CDSView"}},"id":"2547","type":"GlyphRenderer"},{"attributes":{"callback":null},"id":"2497","type":"DataRange1d"},{"attributes":{"source":{"id":"2561","type":"ColumnDataSource"}},"id":"2566","type":"CDSView"},{"attributes":{"data_source":{"id":"2561","type":"ColumnDataSource"},"glyph":{"id":"2563","type":"Square"},"hover_glyph":null,"muted_glyph":null,"nonselection_glyph":{"id":"2564","type":"Square"},"selection_glyph":null,"view":{"id":"2566","type":"CDSView"}},"id":"2565","type":"GlyphRenderer"},{"attributes":{"fill_alpha":{"value":0.1},"fill_color":{"value":"#1f77b4"},"line_alpha":{"value":0.1},"line_color":{"value":"#1f77b4"},"size":{"units":"screen","value":12},"x":{"field":"x"},"y":{"field":"y"}},"id":"2522","type":"Circle"},{"attributes":{"source":{"id":"2555","type":"ColumnDataSource"}},"id":"2560","type":"CDSView"},{"attributes":{"callback":null,"data":{"cluster_id":{"__ndarray__":"AAAAAAAAAEAAAAAAAAAAQAAAAAAAAABAAAAAAAAAAEAAAAAAAAAAQAAAAAAAAABAAAAAAAAAAEAAAAAAAAAAQAAAAAAAAABA","dtype":"float64","shape":[9]},"grados_p":["[0.1767, 0.32, 0.1425, 0.3608]","[0.2089, 0.2795, 0.1889, 0.3228]","[0.2562, 0.2474, 0.2286, 0.2678]","[0.3431, 0.2494, 0.098, 0.3096]","[0.2979, 0.2553, 0.0902, 0.3566]","[0.2451, 0.3339, 0.1349, 0.2861]","[0.2573, 0.2975, 0.1419, 0.3032]","[0.323, 0.2314, 0.111, 0.3346]","[0.2419, 0.2126, 0.3112, 0.2343]"],"pais":["Bangladesh","Brazil","Indonesia","Japan","Mexico","Nigeria","Pakistan","Russia","United States"],"x":{"__ndarray__":"4JsEZZfR3T+OciWE5ML2P6HPtSgrZfQ/U5CuuCJb9z9+yzLPRj/rP1M1LJ7uFOS/dPf+vEknwT+aQOKdtVL8P0d4uWzTTQlA","dtype":"float64","shape":[9]},"xv":{"__ndarray__":"wFTOEdDjp78AVc4R0OOXv8C/Wg3c6rG/AAAAAAAAAADAVM4R0OOnvyDqQRbE3L2/AFXOEdDjt78AVc4R0OOXv4C/Wg3c6rG/","dtype":"float64","shape":[9]},"y":{"__ndarray__":"6UoLIlkCBMCQlc4tpRYDwKLGX8GjYQ3AF7qyz6xU8r+wPE7kRUzwv/EwBMcx/APAMJlF30dmAsCdt3eVJdT2v5oTkOARFwzA","dtype":"float64","shape":[9]},"yv":{"__ndarray__":"IGTpY7fdpj/6v8/PW2/Qv8ARGKt1cLs/iLa6HPlKkr+h+U4kyM7jP9Dg1FOhuLE/LPjEJITdxD8uveM8JZXcP6qQZlBuuck/","dtype":"float64","shape":[9]}},"selected":{"id":"2577","type":"Selection"},"selection_policy":{"id":"2578","type":"UnionRenderers"}},"id":"2531","type":"ColumnDataSource"},{"attributes":{"axis_label":"Componente principal 2","formatter":{"id":"2572","type":"BasicTickFormatter"},"ticker":{"id":"2509","type":"BasicTicker"}},"id":"2508","type":"LinearAxis"},{"attributes":{"overlay":{"id":"2589","type":"BoxAnnotation"}},"id":"2490","type":"BoxZoomTool"},{"attributes":{"callback":null,"data":{"cluster_id":{"__ndarray__":"AAAAAAAACEAAAAAAAAAIQAAAAAAAAAhAAAAAAAAACEAAAAAAAAAIQAAAAAAAAAhAAAAAAAAACEAAAAAAAAAIQAAAAAAAAAhAAAAAAAAACEAAAAAAAAAIQAAAAAAAAAhAAAAAAAAACEAAAAAAAAAIQAAAAAAAAAhAAAAAAAAACEAAAAAAAAAIQAAAAAAAAAhA","dtype":"float64","shape":[18]},"grados_p":["[0.1198, 0.2014, 0.0473, 0.6315]","[0.1091, 0.2417, 0.0504, 0.5988]","[0.1457, 0.2095, 0.0581, 0.5866]","[0.1599, 0.2145, 0.0582, 0.5673]","[0.0874, 0.1642, 0.0361, 0.7123]","[0.1269, 0.1919, 0.0502, 0.6311]","[0.3889, 0.1316, 0.0335, 0.446]","[0.3095, 0.1356, 0.0301, 0.5248]","[0.4257, 0.1416, 0.0327, 0.3999]","[0.3711, 0.1325, 0.0315, 0.4648]","[0.3248, 0.1961, 0.0638, 0.4153]","[0.3408, 0.1337, 0.0316, 0.4939]","[0.3808, 0.1474, 0.0339, 0.4379]","[0.3481, 0.1367, 0.0349, 0.4803]","[0.2454, 0.2872, 0.0716, 0.3958]","[0.362, 0.1449, 0.0399, 0.4532]","[0.3771, 0.1554, 0.0394, 0.4281]","[0.3029, 0.1965, 0.0528, 0.4477]"],"pais":["Antigua and Barbuda","Argentina","Azerbaijan","Bahamas","Barbados","Belarus","Chile","Croatia","Estonia","Hungary","Iran","Kazakhstan","Lithuania","Malaysia","Philippines","Poland","Seychelles","Turkey"],"x":{"__ndarray__":"QWGDiuIu5z/CFCzF/ZPjP4spBF2CT/E/+wE8fPvZ8T+rZcH4x+beP2MZBfWQge0/NDrM46il8D9A5en7Ku/kP8uboo5Wmew/YJNA3l4a7z/IhBpK3MfxP1knF5UCSvA/ufNaIKbq7z/NVh4fdqbyP/wunC92XtA/j9wFc0+W9D+iGkU84rryP4uipKuLt/A/","dtype":"float64","shape":[18]},"xv":{"__ndarray__":"+FTOEdDjl78AAAAAAAAAALBuEKYRuZC/37I5QzuAlb8AgIufl3b4vuAQpXSmHIO/xhCldKYcg78AyQn+cdhovwCAboc9lB6/gBCldKYcY78AIJqrxGclvwA9ReoTzXm/wBCldKYcc78AgG6HPZROvwCwqLfxWCK/AIJuhz2UTj9AsYDWtcF6vyiZ9675qoy/","dtype":"float64","shape":[18]},"y":{"__ndarray__":"EbWPi0hq5T9S5Kl+IZfYvxY00XnRks+/IMnl27aW5T9d46NAR4HrP7Mz9Yh8/Nw/1Qdp7/Z9lL92PfhZ4fHrP8vvfpMcOuI/zORrgZZm2D8jIHWZ6vO/P1Rx8RWVecm/a9ZGwViDwT+PUUHW7+POv760C3h+qPu/WTJBufOfhD9SbHwPwjPbP3Om6BAC1uS/","dtype":"float64","shape":[18]},"yv":{"__ndarray__":"/JwAejr9AUCyXyP5mQHAP6uQZlBuubm/selgKdxwzz+MJ0JampfgPwx3CW9opOC/9vVhb3VvwT8oMZMvd8jtvyCEFTIyqoO/iHidycAXwr905Let35XhP4i2uhz5SrK/ImTpY7fd1r+8ERirdXCrPwTDH/FdXt0/mGivztS5rb/0uoCHFie5v8VfI/mZAZC/","dtype":"float64","shape":[18]}},"selected":{"id":"2587","type":"Selection"},"selection_policy":{"id":"2588","type":"UnionRenderers"}},"id":"2561","type":"ColumnDataSource"},{"attributes":{"callback":null,"data":{"cluster_id":{"__ndarray__":"","dtype":"float64","shape":[0]},"grados_p":[],"pais":[],"x":{"__ndarray__":"","dtype":"float64","shape":[0]},"xv":{"__ndarray__":"","dtype":"float64","shape":[0]},"y":{"__ndarray__":"","dtype":"float64","shape":[0]},"yv":{"__ndarray__":"","dtype":"float64","shape":[0]}},"selected":{"id":"2581","type":"Selection"},"selection_policy":{"id":"2582","type":"UnionRenderers"}},"id":"2543","type":"ColumnDataSource"},{"attributes":{},"id":"2489","type":"ResetTool"},{"attributes":{"fill_alpha":{"value":0.1},"fill_color":{"value":"#1f77b4"},"line_alpha":{"value":0.1},"line_color":{"value":"#1f77b4"},"size":{"units":"screen","value":6},"x":{"field":"x"},"y":{"field":"y"}},"id":"2558","type":"Square"},{"attributes":{"fill_color":{"value":"white"},"line_color":{"value":"#1f77b4"},"size":{"units":"screen","value":6},"x":{"field":"x"},"y":{"field":"y"}},"id":"2557","type":"Square"},{"attributes":{},"id":"2488","type":"PanTool"},{"attributes":{"data_source":{"id":"2555","type":"ColumnDataSource"},"glyph":{"id":"2557","type":"Square"},"hover_glyph":null,"muted_glyph":null,"nonselection_glyph":{"id":"2558","type":"Square"},"selection_glyph":null,"view":{"id":"2560","type":"CDSView"}},"id":"2559","type":"GlyphRenderer"}],"root_ids":["2492"]},"title":"Bokeh Application","version":"1.3.4"}}
        </script>
        <script type="text/javascript">
          (function() {
            var fn = function() {
              Bokeh.safely(function() {
                (function(root) {
                  function embed_document(root) {
                    
                  var docs_json = document.getElementById('2766').textContent;
                  var render_items = [{"docid":"bc07b40e-dff1-4366-80fb-be0df895cd57","roots":{"2492":"fa8371cc-e82b-4b7d-aab2-bf8990febff9"}}];
                  root.Bokeh.embed.embed_items(docs_json, render_items);
                
                  }
                  if (root.Bokeh !== undefined) {
                    embed_document(root);
                  } else {
                    var attempts = 0;
                    var timer = setInterval(function(root) {
                      if (root.Bokeh !== undefined) {
                        embed_document(root);
                        clearInterval(timer);
                      }
                      attempts++;
                      if (attempts > 100) {
                        console.log("Bokeh: ERROR: Unable to run BokehJS code because BokehJS library is missing");
                        clearInterval(timer);
                      }
                    }, 10, root)
                  }
                })(window);
              });
            };
            if (document.readyState != "loading") fn();
            else document.addEventListener("DOMContentLoaded", fn);
          })();
        </script>
    
  </body>
  
</html>