



<!DOCTYPE html>
<html lang="en">
  
  <head>
    
      <meta charset="utf-8">
      <title>Bokeh Plot</title>
      
      
        
          
        
        
          
        <script type="text/javascript" src="https://cdn.pydata.org/bokeh/release/bokeh-1.3.4.min.js"></script>
        <script type="text/javascript">
            Bokeh.set_log_level("info");
        </script>
        
      
      
    
  </head>
  
  
  <body>
    
      
        
          
          
            
              <div class="bk-root" id="3011b770-7c1e-4571-bd26-e610ced33d91" data-root-id="2309"></div>
            
          
        
      
      
        <script type="application/json" id="2486">
          {"d0d8a17c-2eec-40ef-99fc-b0be3f3056ec":{"roots":{"references":[{"attributes":{"fill_color":{"value":"green"},"line_color":{"value":"#1f77b4"},"size":{"units":"screen","value":12},"x":{"field":"x"},"y":{"field":"y"}},"id":"2356","type":"Circle"},{"attributes":{"fill_alpha":{"value":0.1},"fill_color":{"value":"#1f77b4"},"line_alpha":{"value":0.1},"line_color":{"value":"#1f77b4"},"size":{"units":"screen","value":12},"x":{"field":"x"},"y":{"field":"y"}},"id":"2345","type":"Circle"},{"attributes":{},"id":"2308","type":"WheelZoomTool"},{"attributes":{},"id":"2306","type":"ResetTool"},{"attributes":{"axis_label":"Componente principal 1","formatter":{"id":"2362","type":"BasicTickFormatter"},"ticker":{"id":"2321","type":"BasicTicker"}},"id":"2320","type":"LinearAxis"},{"attributes":{"data_source":{"id":"2354","type":"ColumnDataSource"},"glyph":{"id":"2356","type":"Circle"},"hover_glyph":null,"muted_glyph":null,"nonselection_glyph":{"id":"2357","type":"Circle"},"selection_glyph":null,"view":{"id":"2359","type":"CDSView"}},"id":"2358","type":"GlyphRenderer"},{"attributes":{},"id":"2364","type":"BasicTickFormatter"},{"attributes":{"overlay":{"id":"2373","type":"BoxAnnotation"}},"id":"2307","type":"BoxZoomTool"},{"attributes":{"callback":null},"id":"2314","type":"DataRange1d"},{"attributes":{"below":[{"id":"2320","type":"LinearAxis"}],"center":[{"id":"2324","type":"Grid"},{"id":"2329","type":"Grid"}],"left":[{"id":"2325","type":"LinearAxis"}],"plot_height":500,"plot_width":700,"renderers":[{"id":"2340","type":"GlyphRenderer"},{"id":"2346","type":"GlyphRenderer"},{"id":"2352","type":"GlyphRenderer"},{"id":"2358","type":"GlyphRenderer"}],"title":{"id":"2310","type":"Title"},"toolbar":{"id":"2330","type":"Toolbar"},"x_range":{"id":"2312","type":"DataRange1d"},"x_scale":{"id":"2316","type":"LinearScale"},"y_range":{"id":"2314","type":"DataRange1d"},"y_scale":{"id":"2318","type":"LinearScale"}},"id":"2309","subtype":"Figure","type":"Plot"},{"attributes":{"source":{"id":"2354","type":"ColumnDataSource"}},"id":"2359","type":"CDSView"},{"attributes":{},"id":"2362","type":"BasicTickFormatter"},{"attributes":{},"id":"2366","type":"UnionRenderers"},{"attributes":{"source":{"id":"2348","type":"ColumnDataSource"}},"id":"2353","type":"CDSView"},{"attributes":{"fill_color":{"value":"yellow"},"line_color":{"value":"#1f77b4"},"size":{"units":"screen","value":12},"x":{"field":"x"},"y":{"field":"y"}},"id":"2344","type":"Circle"},{"attributes":{"source":{"id":"2336","type":"ColumnDataSource"}},"id":"2341","type":"CDSView"},{"attributes":{"callback":null,"data":{"cluster_id":{"__ndarray__":"AAAAAAAAAAAAAAAAAAAAAAAAAAAAAAAAAAAAAAAAAAAAAAAAAAAAAAAAAAAAAAAAAAAAAAAAAAAAAAAAAAAAAAAAAAAAAAAAAAAAAAAAAAAAAAAAAAAAAAAAAAAAAAAAAAAAAAAAAAAAAAAAAAAAAAAAAAAAAAAAAAAAAAAAAAAAAAAAAAAAAAAAAAAAAAAAAAAAAAAAAAAAAAAAAAAAAAAAAAAAAAAAAAAAAAAAAAAAAAAAAAAAAAAAAAAAAAAAAAAAAAAAAAAAAAAAAAAAAAAAAAAAAAAAAAAAAAAAAAAAAAAAAAAAAAAAAAAAAAAAAAAAAAAAAAAAAAAAAAAAAAAAAAAAAAAAAAAAAAAAAAAAAAAAAAAAAAAAAAAAAAAAAAAAAAAAAAAAAAAAAAAAAAAAAAAAAAAAAAAAAAAAAAAAAAAAAAAAAAAAAAAAAAAAAAAAAAAAAAAAAAAAAAAAAAAAAAAAAAAAAAAAAAAAAAAAAAAAAAAAAAAAAAAAAAAAAAAAAAAAAAAAAAAAAAAAAAAAAAAAAAAAAAAAAAAAAAA=","dtype":"float64","shape":[52]},"grados_p":["[0.6073, 0.1244, 0.129, 0.1393]","[0.4908, 0.1368, 0.1971, 0.1752]","[0.3998, 0.1611, 0.2553, 0.1838]","[0.4445, 0.1516, 0.2254, 0.1785]","[0.5825, 0.1247, 0.1502, 0.1426]","[0.6755, 0.096, 0.1171, 0.1114]","[0.4819, 0.1478, 0.2095, 0.1607]","[0.5966, 0.1262, 0.1198, 0.1574]","[0.6977, 0.097, 0.0969, 0.1084]","[0.5232, 0.1473, 0.1464, 0.1832]","[0.348, 0.2029, 0.2081, 0.241]","[0.5128, 0.1411, 0.1539, 0.1921]","[0.5592, 0.1355, 0.1122, 0.193]","[0.5485, 0.1372, 0.1091, 0.2052]","[0.4999, 0.1537, 0.1396, 0.2067]","[0.6403, 0.1107, 0.0965, 0.1526]","[0.4809, 0.167, 0.1384, 0.2137]","[0.4043, 0.2072, 0.1354, 0.253]","[0.488, 0.1616, 0.134, 0.2165]","[0.3981, 0.1868, 0.1917, 0.2234]","[0.3625, 0.1923, 0.2303, 0.2149]","[0.403, 0.1816, 0.1636, 0.2518]","[0.662, 0.0987, 0.0819, 0.1574]","[0.5284, 0.148, 0.1182, 0.2055]","[0.3492, 0.1892, 0.2174, 0.2443]","[0.4937, 0.1631, 0.1246, 0.2186]","[0.536, 0.1466, 0.0882, 0.2292]","[0.4412, 0.1738, 0.1596, 0.2254]","[0.5644, 0.134, 0.1005, 0.2011]","[0.3496, 0.207, 0.2069, 0.2365]","[0.472, 0.1667, 0.1147, 0.2467]","[0.3362, 0.2108, 0.2117, 0.2413]","[0.4973, 0.158, 0.1263, 0.2184]","[0.718, 0.0857, 0.0656, 0.1308]","[0.4645, 0.1627, 0.1564, 0.2163]","[0.6082, 0.1204, 0.0965, 0.1749]","[0.3877, 0.1936, 0.1834, 0.2353]","[0.4951, 0.1524, 0.148, 0.2045]","[0.5678, 0.1211, 0.1303, 0.1808]","[0.5255, 0.1329, 0.1211, 0.2205]","[0.4363, 0.1706, 0.179, 0.2141]","[0.6635, 0.0963, 0.0857, 0.1545]","[0.361, 0.1961, 0.2097, 0.2332]","[0.6507, 0.1008, 0.0954, 0.1531]","[0.5405, 0.129, 0.1231, 0.2074]","[0.4959, 0.1397, 0.1761, 0.1883]","[0.5014, 0.1364, 0.1623, 0.1999]","[0.4901, 0.1532, 0.1418, 0.2149]","[0.4252, 0.1747, 0.1757, 0.2244]","[0.648, 0.103, 0.0955, 0.1535]","[0.3634, 0.1677, 0.2418, 0.2271]","[0.4178, 0.1619, 0.208, 0.2123]"],"pais":["Antigua and Barbuda","Argentina","Australia","Austria","Azerbaijan","Bahamas","Bahrain","Barbados","Belarus","Belgium","Brunei","Canada","Chile","Croatia","Cyprus","Czech Republic","Denmark","Estonia","Finland","France","Germany","Greece","Hungary","Iceland","Iran","Ireland","Israel","Italy","Kazakhstan","Kuwait","Lithuania","Luxembourg","Malaysia","Malta","Netherlands","New Zealand","Norway","Oman","Poland","Portugal","Saudi Arabia","Seychelles","Singapore","Slovak Republic","Slovenia","South Korea","Spain","Sweden","Switzerland","Trinidad and Tobago","Turkey","United Kingdom"],"x":{"__ndarray__":"ifMNAhG95z860sGUyajhP53muOdx2vs/D+5IE0sR/D8uYzqKgZLuP4xE67yr2/E/k1sGLUSnAkCTX5M07bzgP1BXbX1dk+4/OAcINm1U9z/XMGAUC8sMQOlXxXabBv4/t2DxitJv8D/fgK6ptcDkP67bCc6DO/Y/4jO4FN1t8z90NlGQSkD4PzW0M6fwkvA/G2/jtNax9T/z+bQi8Jb1P/o2UINOof0/qYN4gLzS5D+GvFW+6gjtP7x/gUJu0fc/v2nIekXf8D/aX2/d4nH7P3duBmie1uY/luDVUyzy9D/A7gsjpPDvP9qPn2R2vw1A82RwsC3g7z9KEngyYC8NQC098OOxH/I/aXMP+uZl8T/q2Iw9pW77P/OiNbfuIvM/c1vyTtpsA0Asss8c2r0BQJRVc03a6PQ/Ru+K2tYN6j9cm8mPDBABQAGK68OP5fE/84sIuj/eC0AmpXpO4QT2P/q0hrtFffE/SEuD8Gdo/T8Qleblvx31PyiqjzyqhPc/8+3tpqgJAkBS9zTJ2jT3P2ded1W/Uu4/DlyAO3ys9z8=","dtype":"float64","shape":[52]},"y":{"__ndarray__":"MC/KvCKI0T/6OiS7hkOPP23GmGyQSts/L4UI0RTG7D/5MV47oUTdP0T5iU2y7+U/QD7GbKsL6j8B6sNgYLTnP32qjMVQE9I/5WpGv7uf8D99W/mrmvL6P8Bk5pYlkN0/piNMdeOdzb8Q0Xfqrl7wPy+JHoAvG/g/c7UobbXV7T9bA5p0tcXxPxl/CL4q/96/5/f6m5n/8j+VKTLQJMTDPzYvM4YMhcq/YNBUgR6D/T8AJ+/NND3rP43UkZGsouo/s6mk7zAI6j8TK/4G/3PwP1dUKC8VkuI/FOxh50+b4D/sAJDEcxupv3bW8ZJMM+0/cCqF4IFat7/8qOJGwZYAQKSs9AKIMta/Sv10aq4G6D/eYJwTYf3xP53/7SyBPOE/EjwajnOt7z80mKV36VLnPxQg3JFtY6y/ExTzE8qF8j+NajDQLvjPP1TaJBuxPOE/25HHjTlj+D/k2+xfEk/gP8Zs5BcZEvU/XT4kkO4PqL8xXZ1hzhfhPxauddFijOw/5YqOslLk8T+2Z0uoucPnP9fRALrBfNy/UlBaSavbwD8=","dtype":"float64","shape":[52]}},"selected":{"id":"2365","type":"Selection"},"selection_policy":{"id":"2366","type":"UnionRenderers"}},"id":"2336","type":"ColumnDataSource"},{"attributes":{"data_source":{"id":"2336","type":"ColumnDataSource"},"glyph":{"id":"2338","type":"Circle"},"hover_glyph":null,"muted_glyph":null,"nonselection_glyph":{"id":"2339","type":"Circle"},"selection_glyph":null,"view":{"id":"2341","type":"CDSView"}},"id":"2340","type":"GlyphRenderer"},{"attributes":{"fill_color":{"value":"blue"},"line_color":{"value":"#1f77b4"},"size":{"units":"screen","value":12},"x":{"field":"x"},"y":{"field":"y"}},"id":"2338","type":"Circle"},{"attributes":{"callback":null,"data":{"cluster_id":{"__ndarray__":"AAAAAAAACEAAAAAAAAAIQAAAAAAAAAhAAAAAAAAACEAAAAAAAAAIQAAAAAAAAAhAAAAAAAAACEAAAAAAAAAIQAAAAAAAAAhAAAAAAAAACEAAAAAAAAAIQAAAAAAAAAhAAAAAAAAACEAAAAAAAAAIQAAAAAAAAAhAAAAAAAAACEAAAAAAAAAIQAAAAAAAAAhAAAAAAAAACEAAAAAAAAAIQAAAAAAAAAhAAAAAAAAACEAAAAAAAAAIQAAAAAAAAAhAAAAAAAAACEAAAAAAAAAIQAAAAAAAAAhAAAAAAAAACEAAAAAAAAAIQAAAAAAAAAhAAAAAAAAACEAAAAAAAAAIQAAAAAAAAAhAAAAAAAAACEAAAAAAAAAIQAAAAAAAAAhAAAAAAAAACEAAAAAAAAAIQAAAAAAAAAhAAAAAAAAACEAAAAAAAAAIQAAAAAAAAAhAAAAAAAAACEAAAAAAAAAIQAAAAAAAAAhAAAAAAAAACEAAAAAAAAAIQAAAAAAAAAhAAAAAAAAACEAAAAAAAAAIQAAAAAAAAAhAAAAAAAAACEAAAAAAAAAIQAAAAAAAAAhAAAAAAAAACEAAAAAAAAAIQAAAAAAAAAhAAAAAAAAACEAAAAAAAAAIQAAAAAAAAAhAAAAAAAAACEAAAAAAAAAIQAAAAAAAAAhAAAAAAAAACEA=","dtype":"float64","shape":[64]},"grados_p":["[0.4048, 0.1347, 0.134, 0.3266]","[0.4501, 0.1195, 0.1549, 0.2756]","[0.3996, 0.1995, 0.1494, 0.2516]","[0.3921, 0.2101, 0.1587, 0.2391]","[0.3253, 0.2011, 0.1389, 0.3348]","[0.5033, 0.1377, 0.1093, 0.2498]","[0.6126, 0.1087, 0.0932, 0.1855]","[0.3056, 0.2371, 0.1397, 0.3176]","[0.388, 0.1598, 0.1247, 0.3276]","[0.426, 0.1623, 0.1669, 0.2448]","[0.1856, 0.1807, 0.0886, 0.5451]","[0.5334, 0.1433, 0.1071, 0.2161]","[0.3094, 0.2011, 0.1114, 0.378]","[0.396, 0.1722, 0.1028, 0.329]","[0.3812, 0.185, 0.11, 0.3237]","[0.2777, 0.204, 0.2578, 0.2605]","[0.3866, 0.1709, 0.1039, 0.3385]","[0.4525, 0.1602, 0.1068, 0.2805]","[0.2526, 0.2222, 0.091, 0.4342]","[0.1726, 0.283, 0.0899, 0.4545]","[0.4588, 0.1599, 0.1193, 0.2621]","[0.215, 0.1856, 0.088, 0.5114]","[0.2494, 0.2201, 0.1251, 0.4054]","[0.3427, 0.1982, 0.11, 0.3491]","[0.2381, 0.18, 0.093, 0.489]","[0.2689, 0.1747, 0.0931, 0.4634]","[0.4289, 0.161, 0.1015, 0.3085]","[0.2841, 0.1643, 0.0877, 0.464]","[0.2408, 0.1711, 0.0882, 0.4999]","[0.3556, 0.1762, 0.123, 0.3452]","[0.2249, 0.2456, 0.1003, 0.4292]","[0.1924, 0.2467, 0.0906, 0.4703]","[0.48, 0.1493, 0.1178, 0.253]","[0.468, 0.1497, 0.1082, 0.2742]","[0.5307, 0.1431, 0.1075, 0.2186]","[0.244, 0.1703, 0.0959, 0.4899]","[0.4089, 0.1712, 0.1503, 0.2696]","[0.303, 0.2477, 0.1663, 0.2831]","[0.3835, 0.177, 0.1397, 0.2998]","[0.2953, 0.2318, 0.1795, 0.2935]","[0.2234, 0.2047, 0.0886, 0.4834]","[0.1927, 0.2243, 0.0981, 0.4849]","[0.2945, 0.2008, 0.1118, 0.3929]","[0.3265, 0.2322, 0.1464, 0.2949]","[0.1871, 0.2386, 0.0968, 0.4775]","[0.3448, 0.1745, 0.1293, 0.3514]","[0.353, 0.191, 0.1352, 0.3208]","[0.6562, 0.0941, 0.0849, 0.1648]","[0.105, 0.1174, 0.0516, 0.7259]","[0.4847, 0.1369, 0.1196, 0.2589]","[0.3628, 0.1721, 0.1806, 0.2845]","[0.3501, 0.2018, 0.1508, 0.2973]","[0.4264, 0.1517, 0.1289, 0.293]","[0.4415, 0.1506, 0.1178, 0.2901]","[0.4184, 0.1733, 0.1203, 0.288]","[0.1795, 0.137, 0.077, 0.6065]","[0.3277, 0.1935, 0.2485, 0.2303]","[0.4538, 0.155, 0.1291, 0.2621]","[0.317, 0.2397, 0.1649, 0.2784]","[0.4627, 0.1608, 0.1006, 0.2759]","[0.3241, 0.2225, 0.1502, 0.3031]","[0.1894, 0.1575, 0.0829, 0.5702]","[0.4697, 0.1637, 0.12, 0.2467]","[0.2838, 0.2015, 0.2791, 0.2355]"],"pais":["Albania","Algeria","Belize","Bhutan","Bolivia","Botswana","Bulgaria","Cambodia","Cape Verde","Colombia","Comoros","Costa Rica","Djibouti","Dominican Republic","Ecuador","Egypt","El Salvador","Fiji","Gabon","Ghana","Grenada","Guatemala","Guinea-Bissau","Guyana","Haiti","Honduras","Jamaica","Jordan","Kiribati","Kyrgyz Republic","Lao","Lesotho","Macedonia, FYR","Maldives","Mauritius","Micronesia, Fed. Sts.","Moldova","Mongolia","Morocco","Myanmar","Namibia","Nepal","Nicaragua","Panama","Papua New Guinea","Paraguay","Peru","Romania","Samoa","Serbia","South Africa","Sri Lanka","St. Lucia","St. Vincent and the Grenadines","Suriname","Swaziland","Thailand","Tunisia","Turkmenistan","Uruguay","Uzbekistan","Vanuatu","Venezuela","Vietnam"],"x":{"__ndarray__":"QaK133RI3j8zwbfkPZvhPxez9VeX3su/eqbdvNvvzD/rjsqgwLPbvys2y5B+588/Mh1DWX6u4j8om7jIN+HAvxIG1EKnBcO/ZeUu0O7S5T/ZWmyeiZvxv9SzYpJ2T+Q/SoRnioae17/DvieoyT+uP6yL0c1kW78/s4J3fhVWyz/I0+Z8Pfy5v7kRGm0pQrs/eT2ffDNf1b8C+b1L6yTmv591Vw9a+cU/bMrunxzz5r/QVYRyQVn0v7FwLG+XbrO/U2aEC1VL478xh6kTsLjav9aNqV9JH7I/UHCaUuU72L8FnbzP3EHkvyW14Z6duca/7HSEKaks278KyR6dcoXlv/2mIiwmVOQ/40sLI9sM1T9arMfwr5XtPwcDTLCTGeO/7t4467iK4T9pd6US4eDjPz0KeU75lM8/h0HMZ1SVzj+daUuz1S/av1yt0feeU+K/QQMrlq9ww7/Cm/+HM2jjP1PLqdPWc+W/No8Ju5rlzr/X3+tqrG3VP2++4L1vHek/x42AZyCe6r8yveKJS/3bP8m6vH57t9g/VnYRTgtc3D+RceC+N5XQPxVmBfVcVNU/UOTqdx6R3D96bVotQ87jv2M+6M1/cfM/p9G0yLMy4j+noN0pXBfjP81gXmM6pts/lWQGaxKK0D/dIiJSd//qv0PL/5Z6LOQ/w2DKaeLZ5z8=","dtype":"float64","shape":[64]},"y":{"__ndarray__":"hDI7shctyz/z4bnKaSCtv1oqDZwfLcg/yKpMYzPG2b9fqtM6pZzBv0sZv+1DNMI/cFXOwpJ/2T8ErbC39cznvwW+7JzA4uA/UHAfwud34L9vo/U6AxLVP+jTJRC/v5a/EQskQodmxj9rjqL6yEjCP0FdOdUNTsa/O9DYDrnu4b/8dHWHXBTSP1MSrkNBfdg/b15lPpx1ob9o/MEyK5/nvyjOHubNCvA/GYFKK3br0D+rXHEXVe3wPx/4EFjkg7u/92UlF/tquz/nJeCh6Bq9P8s/P3gVcuc/R0/5vfwU2z/0cossPovXP4DVwe9t4+g/bQoCadab4b86e4c50BHgv+olbMfQpuc/80w+k+fm6D+TmlSZhAPQP8Mp+4G7mN4/gEl4IKB+5D8bzLBaOZvyv8AsNwBYtcS/GhbfkfDj8L8eXiDwkzTDv8myiepKO+C/h8aMnjxlzb+543GpTZvqv/Asa9LSOOG/iQdlJb/g7z/2vZ1vT7zivzMGSlidPNM/SitKAdFeuD9y9+XHNB3nP19KyHufH9K/3QmGialT5L/qN2m/JtzuPxjLBNYr+dg/NZ1YYSVBs781JnSAfTvcP0QIPny+gvS/c2bGgsgEqD+09KmG3CPwv68nfFFWEbM/5VX6tutC67+idzqSfRHjPzGoZm1Ov9i/1ZKhXLCa9r8=","dtype":"float64","shape":[64]}},"selected":{"id":"2371","type":"Selection"},"selection_policy":{"id":"2372","type":"UnionRenderers"}},"id":"2354","type":"ColumnDataSource"},{"attributes":{"data_source":{"id":"2348","type":"ColumnDataSource"},"glyph":{"id":"2350","type":"Circle"},"hover_glyph":null,"muted_glyph":null,"nonselection_glyph":{"id":"2351","type":"Circle"},"selection_glyph":null,"view":{"id":"2353","type":"CDSView"}},"id":"2352","type":"GlyphRenderer"},{"attributes":{"fill_alpha":{"value":0.1},"fill_color":{"value":"#1f77b4"},"line_alpha":{"value":0.1},"line_color":{"value":"#1f77b4"},"size":{"units":"screen","value":12},"x":{"field":"x"},"y":{"field":"y"}},"id":"2339","type":"Circle"},{"attributes":{"fill_alpha":{"value":0.1},"fill_color":{"value":"#1f77b4"},"line_alpha":{"value":0.1},"line_color":{"value":"#1f77b4"},"size":{"units":"screen","value":12},"x":{"field":"x"},"y":{"field":"y"}},"id":"2357","type":"Circle"},{"attributes":{"bottom_units":"screen","fill_alpha":{"value":0.5},"fill_color":{"value":"lightgrey"},"left_units":"screen","level":"overlay","line_alpha":{"value":1.0},"line_color":{"value":"black"},"line_dash":[4,4],"line_width":{"value":2},"render_mode":"css","right_units":"screen","top_units":"screen"},"id":"2373","type":"BoxAnnotation"},{"attributes":{},"id":"2305","type":"PanTool"},{"attributes":{},"id":"2370","type":"UnionRenderers"},{"attributes":{"callback":null,"tooltips":[["pais","@pais"],["index","$index"],["(x,y)","(@x, @y)"],["cluster_id","@cluster_id"],["Pertenencia_clusters","@grados_p"]]},"id":"2304","type":"HoverTool"},{"attributes":{},"id":"2318","type":"LinearScale"},{"attributes":{"fill_color":{"value":"red"},"line_color":{"value":"#1f77b4"},"size":{"units":"screen","value":12},"x":{"field":"x"},"y":{"field":"y"}},"id":"2350","type":"Circle"},{"attributes":{},"id":"2316","type":"LinearScale"},{"attributes":{"fill_alpha":{"value":0.1},"fill_color":{"value":"#1f77b4"},"line_alpha":{"value":0.1},"line_color":{"value":"#1f77b4"},"size":{"units":"screen","value":12},"x":{"field":"x"},"y":{"field":"y"}},"id":"2351","type":"Circle"},{"attributes":{"axis_label":"Componente principal 2","formatter":{"id":"2364","type":"BasicTickFormatter"},"ticker":{"id":"2326","type":"BasicTicker"}},"id":"2325","type":"LinearAxis"},{"attributes":{},"id":"2365","type":"Selection"},{"attributes":{"text":"2012"},"id":"2310","type":"Title"},{"attributes":{},"id":"2367","type":"Selection"},{"attributes":{"active_drag":"auto","active_inspect":"auto","active_multi":null,"active_scroll":"auto","active_tap":"auto","tools":[{"id":"2304","type":"HoverTool"},{"id":"2305","type":"PanTool"},{"id":"2306","type":"ResetTool"},{"id":"2307","type":"BoxZoomTool"},{"id":"2308","type":"WheelZoomTool"}]},"id":"2330","type":"Toolbar"},{"attributes":{"dimension":1,"ticker":{"id":"2326","type":"BasicTicker"}},"id":"2329","type":"Grid"},{"attributes":{},"id":"2372","type":"UnionRenderers"},{"attributes":{"callback":null,"data":{"cluster_id":{"__ndarray__":"AAAAAAAAAEAAAAAAAAAAQAAAAAAAAABAAAAAAAAAAEAAAAAAAAAAQAAAAAAAAABAAAAAAAAAAEAAAAAAAAAAQAAAAAAAAABAAAAAAAAAAEA=","dtype":"float64","shape":[10]},"grados_p":["[0.2194, 0.2116, 0.3626, 0.2064]","[0.187, 0.1556, 0.4846, 0.1728]","[0.1592, 0.1678, 0.5192, 0.1539]","[0.2712, 0.2109, 0.3049, 0.213]","[0.2217, 0.1903, 0.394, 0.194]","[0.1738, 0.2407, 0.384, 0.2015]","[0.1168, 0.1293, 0.6309, 0.123]","[0.2264, 0.2283, 0.3017, 0.2436]","[0.2107, 0.1547, 0.4668, 0.1678]","[0.2214, 0.2067, 0.3696, 0.2024]"],"pais":["Bangladesh","Brazil","Indonesia","Japan","Mexico","Nigeria","Pakistan","Philippines","Russia","United States"],"x":{"__ndarray__":"mHyu49im2j9kpf0BPef1P8P6oZKW7vM/6LXXhC7Q9z+SWnSsYNHrP8P1RJ/cjuS/cm+EuImiuT86M/4OQ73KP028DeCUWv0/hQdvCahWCUA=","dtype":"float64","shape":[10]},"y":{"__ndarray__":"wLxKjtkUBMCctXm+iHABwFCuMN+nvQ3AZXiXO5Q48r96sq4Cnm/3v0L6k/AK2wPAU1pA2Dv2AsDpB6w8KZz6v/N9ZpbfFfy/3yydypgGDcA=","dtype":"float64","shape":[10]}},"selected":{"id":"2369","type":"Selection"},"selection_policy":{"id":"2370","type":"UnionRenderers"}},"id":"2348","type":"ColumnDataSource"},{"attributes":{},"id":"2368","type":"UnionRenderers"},{"attributes":{},"id":"2371","type":"Selection"},{"attributes":{"data_source":{"id":"2342","type":"ColumnDataSource"},"glyph":{"id":"2344","type":"Circle"},"hover_glyph":null,"muted_glyph":null,"nonselection_glyph":{"id":"2345","type":"Circle"},"selection_glyph":null,"view":{"id":"2347","type":"CDSView"}},"id":"2346","type":"GlyphRenderer"},{"attributes":{},"id":"2326","type":"BasicTicker"},{"attributes":{"callback":null},"id":"2312","type":"DataRange1d"},{"attributes":{"ticker":{"id":"2321","type":"BasicTicker"}},"id":"2324","type":"Grid"},{"attributes":{"source":{"id":"2342","type":"ColumnDataSource"}},"id":"2347","type":"CDSView"},{"attributes":{},"id":"2369","type":"Selection"},{"attributes":{},"id":"2321","type":"BasicTicker"},{"attributes":{"callback":null,"data":{"cluster_id":{"__ndarray__":"AAAAAAAA8D8AAAAAAADwPwAAAAAAAPA/AAAAAAAA8D8AAAAAAADwPwAAAAAAAPA/AAAAAAAA8D8AAAAAAADwPwAAAAAAAPA/AAAAAAAA8D8AAAAAAADwPwAAAAAAAPA/AAAAAAAA8D8AAAAAAADwPwAAAAAAAPA/AAAAAAAA8D8AAAAAAADwPwAAAAAAAPA/AAAAAAAA8D8AAAAAAADwPwAAAAAAAPA/AAAAAAAA8D8AAAAAAADwPwAAAAAAAPA/AAAAAAAA8D8AAAAAAADwPwAAAAAAAPA/AAAAAAAA8D8AAAAAAADwPwAAAAAAAPA/AAAAAAAA8D8AAAAAAADwPwAAAAAAAPA/","dtype":"float64","shape":[33]},"grados_p":["[0.1694, 0.4277, 0.1611, 0.2419]","[0.2086, 0.2881, 0.1599, 0.3433]","[0.192, 0.2237, 0.1225, 0.4617]","[0.1343, 0.3172, 0.09, 0.4584]","[0.1211, 0.1401, 0.0708, 0.668]","[0.1193, 0.1398, 0.0714, 0.6695]","[0.1411, 0.3818, 0.1, 0.377]","[0.1607, 0.3478, 0.1482, 0.3433]","[0.1455, 0.19, 0.075, 0.5895]","[0.126, 0.4209, 0.0787, 0.3743]","[0.0913, 0.1654, 0.0466, 0.6967]","[0.171, 0.3766, 0.1878, 0.2646]","[0.147, 0.2901, 0.0858, 0.4771]","[0.1278, 0.1945, 0.0685, 0.6093]","[0.1663, 0.2907, 0.1011, 0.4419]","[0.1662, 0.2282, 0.0922, 0.5134]","[0.1846, 0.2892, 0.1152, 0.4111]","[0.2057, 0.2788, 0.1323, 0.3831]","[0.1418, 0.226, 0.07, 0.5621]","[0.1166, 0.507, 0.0835, 0.2929]","[0.1419, 0.497, 0.1127, 0.2484]","[0.2521, 0.2359, 0.1654, 0.3466]","[0.1478, 0.235, 0.095, 0.5222]","[0.1895, 0.3905, 0.151, 0.269]","[0.0983, 0.1314, 0.0543, 0.7159]","[0.2465, 0.2168, 0.1736, 0.3632]","[0.1258, 0.4965, 0.1142, 0.2636]","[0.1221, 0.2314, 0.0757, 0.5707]","[0.1342, 0.1307, 0.0665, 0.6686]","[0.1746, 0.331, 0.1484, 0.346]","[0.1653, 0.1787, 0.0896, 0.5665]","[0.1342, 0.4439, 0.0898, 0.3322]","[0.1585, 0.4477, 0.0994, 0.2944]"],"pais":["Afghanistan","Angola","Benin","Burkina Faso","Burundi","Cameroon","Chad","Congo, Dem. Rep.","Congo, Rep.","Cote d'Ivoire","Eritrea","Ethiopia","Gambia","Guinea","Kenya","Madagascar","Malawi","Mali","Mauritania","Mozambique","Niger","Sao Tome and Principe","Senegal","Sierra Leone","Solomon Islands","Sudan","Tanzania","Togo","Tonga","Uganda","Yemen","Zambia","Zimbabwe"],"x":{"__ndarray__":"Dy84IjW59r+Ih5xtFCb7v3MfVQa3l/S/9isTMB4Q+b+xA4iXloX3vwZWEOmabvS/duc0gCFw/r+21KKlCLD4v9WZCob6evO/tOBskzC08r+ALLb33F7zv6qNLrsMfvC/SaWrH2aJ+78xov61Ntj1v5+esHwztfC/ADQdD1lE9L94vc/CbND8v8oe6qYr5/6/YDs49AGS7r9b8mwl02T6v+R9tQq4jAHAUJpEGOwC+b8igetnq3D2v6FOTiZllvG/p87dHZ7F8L984FBYsqXxvx0vkDefffa/oJhbI/4D9L/Pu4YBccvsvyZT/obj8P+/urQDnAe5779BN4CUCib6vzSVWXxFF/C/","dtype":"float64","shape":[33]},"y":{"__ndarray__":"AxewGGcg/r8MhAGFzfPKv/7Ew7BWJri/OHaHMKba57+pDMJDURSuP6QM2GpiJcS/mGy82gdH6b8+YYdEEIjzv6eiv6ouhtM/wVmbQ1rq7b+8kpXe2UfKv5W0bP/U2f2/gKqp6ZQgkT9n4ZENr0e3P2hr/mdBWtu/k7OfTok7xT9LSJBMwuTYP+Ov2pAGx+c/iRNzFrSk07/zMu9Gihvmv3Y48PfUPvK/Qh7/Vtoa/D/JugSyzoDJP9DEEBI6ev2/XTb6hKeEoD8lb0onBfTtP5OcIqo5au+/Yl5loGyRxb8+wXm3OILdP5Zf6do9WJU/7vrAmfWk0D+vcD4unO7Yv3pTTMap9/C/","dtype":"float64","shape":[33]}},"selected":{"id":"2367","type":"Selection"},"selection_policy":{"id":"2368","type":"UnionRenderers"}},"id":"2342","type":"ColumnDataSource"}],"root_ids":["2309"]},"title":"Bokeh Application","version":"1.3.4"}}
        </script>
        <script type="text/javascript">
          (function() {
            var fn = function() {
              Bokeh.safely(function() {
                (function(root) {
                  function embed_document(root) {
                    
                  var docs_json = document.getElementById('2486').textContent;
                  var render_items = [{"docid":"d0d8a17c-2eec-40ef-99fc-b0be3f3056ec","roots":{"2309":"3011b770-7c1e-4571-bd26-e610ced33d91"}}];
                  root.Bokeh.embed.embed_items(docs_json, render_items);
                
                  }
                  if (root.Bokeh !== undefined) {
                    embed_document(root);
                  } else {
                    var attempts = 0;
                    var timer = setInterval(function(root) {
                      if (root.Bokeh !== undefined) {
                        embed_document(root);
                        clearInterval(timer);
                      }
                      attempts++;
                      if (attempts > 100) {
                        console.log("Bokeh: ERROR: Unable to run BokehJS code because BokehJS library is missing");
                        clearInterval(timer);
                      }
                    }, 10, root)
                  }
                })(window);
              });
            };
            if (document.readyState != "loading") fn();
            else document.addEventListener("DOMContentLoaded", fn);
          })();
        </script>
    
  </body>
  
</html>